     0.43013054      0.33906149     -3.71537119      3.75811626
     0.14259908      0.21592527     -1.44222506      1.46525470
     1.15090794      1.39326425    -11.91613963     12.05239221
     0.23207669      0.27255789     -2.44178435      2.47182888
    -0.02869004      0.12728407     -0.95867003      0.96750844
     0.22922143      0.53423725     -4.02785220      4.07198048
     0.09073548      0.22122410     -1.62452241      1.64202500
     0.49315625      2.16278174    -14.88658716     15.05160407
     0.04428270      0.68279000     -4.27125303      4.32570984

